astra-addon-3.5.6
elementor
elementor-1043
elementor-1869
elementor-col-100
elementor-col-33
elementor-col-66
elementor-column
elementor-column-gap-custom
elementor-column-gap-default
elementor-column-gap-no
elementor-container
elementor-default
elementor-divider
elementor-divider-separator
elementor-element
elementor-element-00203f5
elementor-element-0c0c825
elementor-element-14028d1
elementor-element-2835b21
elementor-element-3059f0c
elementor-element-3302582
elementor-element-37c7e09
elementor-element-54ed2e8
elementor-element-764dd30
elementor-element-7fa70d0
elementor-element-814c137
elementor-element-837f9a0
elementor-element-8938a77
elementor-element-8bd392b
elementor-element-95e05f4
elementor-element-aa23a7e
elementor-element-ac86fc8
elementor-element-b75894e
elementor-element-b79686e
elementor-element-c40ef29
elementor-element-c6f90f6
elementor-element-e2fddac
elementor-element-f1b7b61
elementor-element-f293a80
elementor-element-f485b69
elementor-element-populated
elementor-heading-title
elementor-icon-list--layout-inline
elementor-icon-list--layout-traditional
elementor-icon-list-icon
elementor-icon-list-item
elementor-icon-list-items
elementor-icon-list-text
elementor-inline-item
elementor-inline-items
elementor-inner-column
elementor-inner-section
elementor-kit-6
elementor-list-item-link-full_width
elementor-location-footer
elementor-location-single
elementor-page-1043
elementor-page-title
elementor-post-info
elementor-post-info__item
elementor-post-info__item--type-date
elementor-repeater-item-efe02b0
elementor-section
elementor-section-boxed
elementor-section-height-default
elementor-size-default
elementor-template-full-width
elementor-top-column
elementor-top-section
elementor-widget
elementor-widget-container
elementor-widget-divider
elementor-widget-divider--view-line
elementor-widget-heading
elementor-widget-icon-list
elementor-widget-post-info
elementor-widget-theme-post-content
elementor-widget-theme-post-title
elementor-widget-wrap
format-standard
hentry
jet-woo-product-gallery-pswp
post
post-25848
post-template-default
postid-25848
pswp
pswp__bg
pswp__button
pswp__button--arrow--left
pswp__button--arrow--right
pswp__button--close
pswp__button--fs
pswp__button--share
pswp__button--zoom
pswp__caption
pswp__caption__center
pswp__container
pswp__counter
pswp__item
pswp__preloader
pswp__preloader__cut
pswp__preloader__donut
pswp__preloader__icn
pswp__scroll-wrap
pswp__share-modal
pswp__share-modal--hidden
pswp__share-tooltip
pswp__single-tap
pswp__top-bar
pswp__ui
pswp__ui--hidden
single
single-format-standard
single-post
status-publish
theme-astra
type-post
woocommerce-no-js
woocommerce-variation-availability
woocommerce-variation-description
woocommerce-variation-price
wp-custom-logo
wp-singular
wp-theme-astra